92998 98244 94324 49428 84060 18587 43958 51615 95491 39043
78063 90225 20087 40804 86555 49110 75258 32059 65535 21411
78028 74531 28911 17339 35620 57775 65996 35304 34099 38012
46305 71135 78061 73290 31088 73637 99982 73762 93797 72951
70094 17690 92863 18094 15770 58526 88398 91640 38872 77393
23574 46458 40173 12104 10039 23017 62982 72943 58062 99729
28216 27948 92276 76005 69086 20249 15177 75598 90261 21192
39204 94439 22366 72310 15378 35853 19145 28601 79505 99949
63362 20910 34063 59694 72946 18146 85260 26311 43723 26282
12817 15586 58568 59557 88452 47957 42168 77207 39170 29161
16910 33585 62802 32092 54758 15664 33389 35698 77483 92463
95246 38056 20578 82973 49928 96142 50057 13336 49051 78113
89447 19831 78372 31425 26371 66414 31110 34791 95111 31719
43441 42568 59657 41856 97129 21538 78131 90782 58023 73146
55633 21205 42707 86072 73664 46281 48027 42024 78687 18174
44629 27734 69494 46576 69640 64077 89420 50599 97568 37620
37853 42577 80824 65358 71985 35941 93161 38837 40911 90553
70024 50362 53817 54663 13462 57155 48442 32282 11016 35913
47874 83608 59215 56117 89339 96260 21497 95263 98461 86394
60174 13611 28052 79246 77806 83305 65146 64299 75039 10607
61319 12588 38173 92941 48957 22146 44033 74277 85865 83738
95611 95517 17997 26641 99220 92523 96049 89151 29572 46595
65056 81844 94794 47544 37527 69113 68097 61685 23393 22207
25399 58111 88599 25109 96065 10881 35435 40002 55121 47179
72908 87767 82993 43264 35819 17110 77681 58995 85669 38733
58820 58725 59395 82400 45873 93174 85539 69967 70988 16014
42738 28892 25837 49870 86314 78240 30448 47920 31789 98562
82082 90544 77532 15180 61541 74894 30634 90883 62546 85097
92658 96554 65429 39441 67904 74251 41695 92961 82900 88746
57196 78015 92889 17695 20204 49290 19708 50599 99286 98343
12785 71935 39456 13472 71144 41429 46483 48162 72133 18820
36883 79434 52485 37810 76468 49123 25317 11729 55231 81014
70325 19352 51516 37958 12018 27428 91745 48399 23546 16664
13136 54691 92434 91909 29094 57736 57194 71102 12999 53482
87368 48724 30256 83681 73658 81378 91244 79846 24892 12126
27935 67552 16115 61076 56264 19901 12282 54055 62376 50232
83888 84829 70025 69278 92379 14831 15042 91108 59022 89556
17182 12784 94030 49536 58500 21514 63035 70581 69593 61976
86867 48237 45593 21995 39833 15145 41660 80610 16283 96403
67437 53569 48585 87316 48109 62981 29354 74234 49438 81230
82913 38231 46744 21489 71074 60411 70576 41510 30309 43490
42462 57449 97204 29420 39282 52034 65108 84295 31816 53373
47337 60486 22800 88560 73710 49079 39139 93799 19097 80154
13388 32787 81448 58550 87320 91366 23674 78686 67922 17667
79204 17450 45878 27675 37897 64537 93113 86842 58989 94042
56811 50855 11390 90226 76097 40994 44104 62032 12138 94014
25868 48484 89653 82840 32500 44423 10948 23416 74669 59581
42505 69436 12793 38382 87602 75915 43721 59451 49339 38559
44795 38292 50088 39731 40782 73278 97445 13603 39319 22218
15171 78732 83255 31257 43575 85040 24067 21125 97257 49410
64040 80658 73792 11722 41297 59642 23070 79784 98398 65150
10436 93037 83292 60720 47052 18959 85779 19223 52902 13106
76119 82802 87321 99307 76790 69814 22783 81799 29731 96860
88275 39346 98166 67465 32723 73739 66648 31642 39910 20477
55223 50479 15937 36400 33978 66700 12019 82325 93241 62664
74113 58344 38404 56917 88136 33271 34918 62742 39591 76265
33647 46423 72254 34450 71267 90816 41646 80554 39946 11306
48149 25349 93293 24954 83404 61172 68402 19763 85032 62466
47036 43678 22243 78595 78394 49389 71150 49342 42019 40134
88317 50147 32562 68596 63429 82351 33804 95568 84221 40740
74563 42438 49831 64301 56206 92970 24739 84870 53536 65217
61688 63426 23433 71172 39207 90574 12421 80360 47781 55194
71767 41282 42411 74032 44282 37886 40101 44085 47772 62870
46390 93676 59220 41065 92467 46375 20721 86279 51903 55315
73320 26518 53713 30639 77222 58938 61227 97169 21116 15700
42359 23932 66872 60175 42986 39491 43274 96318 70329 36800
58769 26684 59573 19875 99119 27113 54139 60071 94674 19401
28901 26837 92914 99422 37450 31769 89231 21076 69422 45607
48074 54053 89845 83781 14426 25221 78608 63962 28129 20930
17337 37356 38450 84362 18436 77936 87239 99000 38812 60851
79740 95649 40463 36478 44923 32608 86496 30559 32652 35546
74783 62699 93602 72259 19727 11752 15867 54758 70268 87823
98925 60459 50974 25367 77120 88891 88919 35925 22501 38678
49965 86136 89803 36670 28157 79098 40849 35812 74612 52713
54692 99351 21747 44636 44685 19989 54135 90634 11503 23457
94170 22716 37811 21949 93153 40155 20169 50489 94635 36286
23476 34800 79483 27698 50602 19979 30554 76708 14878 72726
42820 96195 45571 14872 71701 70551 46551 99961 78232 60726
90145 91332 84165 66270 21855 52354 83277 82870 92807 28624
12187 64453 42961 14113 13232 82269 69046 24133 35682 55353
22704 82483 61339 83225 13079 41914 55138 98487 35244 31530
93264 16954 25677 66697 73530 61281 76061 48393 74733 71826
50631 87950 27811 78057 95446 83365 33529 43317 28954 24776
15634 32308 96194 75109 98436 65111 24666 19639 63861 94952
93177 20820 44058 87842 82897 40460 57667 75888 89274 66923
28351 38605 31444 83549 41584 43956 48945 45656 53394 41830
93556 39199 95557 47362 11425 90379 82220 56105 61657 90555
34698 76280 27304 17779 78353 83528 67431 25307 71919 45975
25361 82278 66941 55090 50987 10842 33293 77395 33116 56455
96439 71580 27245 65448 99416 45406 42461 33576 41819 52576
